4294967278,112
4294967278,102
4294967278,96
4294967278,91
4294967278,90
4294967278,87
4294967278,81
4294967278,75
4294967278,69
4294967278,62
4294967278,57
4294967278,52
4294967278,47
4294967278,42
4294967279,107
4294967279,102
4294967279,97
4294967279,90
4294967279,89
4294967279,82
4294967279,76
4294967279,70
4294967279,64
4294967279,58
4294967279,53
4294967279,48
4294967279,6
4294967294,11
4294967294,1010
4294967294,1106
4294967294,22
4294967294,17
4294967294,42
4294967294,99
4294967294,76
4294967294,41
4294967294,43
4294967294,1114
4294967294,1420
4294967294,14
4294967294,20
4294967294,1422
4294967294,18
4294967294,12
4294967294,104
4294967294,106
4294967294,83
4294967294,67
4294967294,68
4294967293,131
4294967293,130
4294967293,129
4294967293,128
4294967293,127
4294967293,126
4294967293,125
4294967293,124
4294967293,123
4294967293,122
4294967293,121
4294967293,120
4294967293,119
4294967293,118
4294967293,117
4294967293,116
4294967293,115
4294967293,114
4294967293,113
4294967293,112
4294967293,111
4294967293,110
4294967293,109
4294967293,108
4294967293,107
4294967293,106
4294967293,105
4294967293,104
4294967293,103
4294967293,102
4294967293,101
4294967293,100
4294967293,99
4294967293,98
4294967293,97
4294967293,96
4294967293,95
4294967293,94
4294967293,93
4294967293,92
4294967293,91
4294967293,90
4294967293,89
4294967293,87
4294967293,86
4294967293,85
4294967293,84
4294967293,83
4294967293,82
4294967293,81
4294967293,80
4294967293,79
4294967293,78
4294967293,77
4294967293,76
4294967293,75
4294967293,74
4294967293,73
4294967293,72
4294967293,71
4294967293,70
4294967293,69
4294967293,68
4294967293,67
4294967293,66
4294967293,65
4294967293,64
4294967293,63
4294967293,62
4294967293,61
4294967293,60
4294967293,59
4294967293,58
4294967293,57
4294967293,56
4294967293,55
4294967293,54
4294967293,53
4294967293,52
4294967293,51
4294967293,50
4294967293,49
4294967293,48
4294967293,47
4294967293,46
4294967293,45
4294967293,44
4294967293,43
4294967293,42
4294967293,41
4294967293,40
4294967293,39
4294967293,38
4294967293,37
4294967293,36
4294967293,35
4294967293,34
4294967293,33
4294967293,32
4294967293,31
4294967293,30
4294967293,29
4294967293,28
4294967293,27
4294967293,26
4294967293,25
4294967293,24
4294967293,23
4294967293,22
4294967293,21
4294967293,20
4294967293,19
4294967293,18
4294967293,17
4294967293,16
4294967293,15
4294967293,14
4294967293,13
4294967293,12
4294967293,11
4294967293,10
4294967293,9
4294967293,8
4294967293,7
4294967293,6
4294967293,5
4294967293,4
4294967293,3
4294967278,132
4294967278,131
4294967278,130
4294967278,125
4294967278,249
4294967278,120
4294967278,119
4294967278,239
4294967278,115
4294967278,114
4294967278,110
4294967278,229
4294967278,109
4294967278,227
4294967278,108
4294967278,225
4294967278,107
4294967278,223
4294967278,106
4294967278,221
4294967278,105
4294967278,219
4294967278,104
4294967278,103
4294967278,101
4294967278,100
4294967278,408
4294967278,99
4294967278,98
4294967278,97
4294967278,402
4294967278,95
4294967278,94
4294967278,93
4294967278,92
4294967278,89
4294967278,86
4294967278,85
4294967278,84
4294967278,83
4294967278,82
4294967278,80
4294967278,79
4294967278,404
4294967278,78
4294967278,77
4294967278,76
4294967278,74
4294967278,73
4294967278,72
4294967278,71
4294967278,70
4294967278,68
4294967278,67
4294967278,66
4294967278,63
4294967278,61
4294967278,58
4294967278,56
4294967278,53
4294967278,51
4294967278,48
4294967278,46
4294967278,43
4294967278,41
4294967278,37
4294967278,29
4294967278,18
4294967278,17
4294967278,16
4294967278,15
4294967278,13
4294967278,12
4294967278,10
4294967278,9
4294967278,8
4294967278,7
4294967278,6
4294967278,5
4294967278,88
4294967278,0
4294967279,108
4294967279,105
4294967279,104
4294967279,101
4294967279,331
4294967279,100
4294967279,98
4294967279,174
4294967279,334
4294967279,18
4294967279,0
4294967279,12
4294967279,259
4294967279,9
4294967279,274
4294967279,7
4294967294,5
4294967294,1427
4294967294,1864
4294967294,1117
4294967294,1445
4294967278,247
4294967278,405
4294967278,231
4294967279,332
4294967279,330
4294967278,403
4294967278,400
4294967294,46
4294967294,1185
4294967294,1423
4294967294,1017
4294967294,1018
4294967294,972
4294967294,24
4294967294,90
4294967294,86
4294967294,84
4294967294,82
4294967294,52
4294967294,935
4294967294,934
4294967294,667
4294967294,926
4294967294,925
4294967294,923
4294967294,922
4294967294,921
4294967294,918
4294967294,917
4294967294,916
4294967294,915
4294967294,912
4294967294,911
4294967294,910
4294967294,909
4294967294,907
4294967294,906
4294967294,905
4294967294,903
4294967294,902
4294967294,901
4294967294,900
4294967294,897
4294967294,893
4294967294,891
4294967294,663
4294967294,889
4294967294,888
4294967294,887
4294967294,886
4294967294,885
4294967294,500
4294967294,884
4294967294,883
4294967294,880
4294967294,1861
4294967294,877
4294967294,874
4294967294,872
4294967294,871
4294967294,869
4294967294,0
4294967294,867
4294967294,1438
4294967294,866
4294967294,862
4294967294,860
4294967294,858
4294967294,1859
4294967294,856
4294967294,853
4294967294,660
4294967294,848
4294967294,846
4294967294,845
4294967294,844
4294967294,843
4294967294,842
4294967294,841
4294967294,840
4294967294,839
4294967294,836
4294967294,833
4294967294,831
4294967294,830
4294967294,828
4294967294,824
4294967294,821
4294967294,819
4294967294,818
4294967294,817
4294967294,816
4294967294,1452
4294967294,813
4294967294,812
4294967294,810
4294967294,806
4294967294,804
4294967294,803
4294967294,802
4294967294,800
4294967294,1016
4294967294,799
4294967294,796
4294967294,793
4294967294,792
4294967294,791
4294967294,789
4294967294,787
4294967294,786
4294967294,785
4294967294,784
4294967294,665
4294967294,783
4294967294,782
4294967294,655
4294967294,781
4294967294,780
4294967294,778
4294967294,777
4294967294,776
4294967294,773
4294967294,771
4294967294,653
4294967294,770
4294967294,769
4294967294,767
4294967294,766
4294967294,764
4294967294,763
4294967294,762
4294967294,761
4294967294,758
4294967294,757
4294967294,756
4294967294,755
4294967294,754
4294967294,753
4294967294,752
4294967294,751
4294967294,750
4294967294,749
4294967294,1456
4294967294,748
4294967294,747
4294967294,745
4294967294,744
4294967294,743
4294967294,741
4294967294,740
4294967294,1866
4294967294,737
4294967294,736
4294967294,735
4294967294,734
4294967294,733
4294967294,730
4294967294,729
4294967294,728
4294967294,727
4294967294,726
4294967294,725
4294967294,724
4294967294,723
4294967294,722
4294967294,721
4294967294,717
4294967294,716
4294967294,714
4294967294,713
4294967294,712
4294967294,710
4294967294,709
4294967294,708
4294967294,707
4294967294,705
4294967294,29
4294967294,704
4294967294,637
4294967294,636
4294967294,635
4294967294,1439
4294967294,633
4294967294,632
4294967294,631
4294967294,630
4294967294,629
4294967294,628
4294967294,625
4294967294,623
4294967294,622
4294967294,2
4294967294,619
4294967294,618
4294967294,617
4294967294,616
4294967294,615
4294967294,613
4294967294,612
4294967294,610
4294967294,609
4294967294,608
4294967294,604
4294967294,25
4294967294,596
4294967294,26
4294967294,28
4294967294,593
4294967294,27
4294967294,592
1,3
1,0
4294967294,591
4294967294,589
4294967294,1
4294967294,1209
4294967294,587
4294967294,585
4294967294,583
4294967294,582
4294967294,581
4294967294,578
4294967294,577
4294967294,1174
4294967294,570
4294967294,568
4294967294,565
4294967294,564
4294967294,560
4294967294,1194
4294967294,573
4294967294,556
4294967294,666
4294967294,554
4294967294,553
4294967294,551
4294967294,550
4294967294,549
4294967294,548
4294967294,654
4294967294,640
4294967294,561
4294967294,547
4294967294,652
4294967294,546
4294967294,545
4294967294,544
4294967294,543
4294967294,642
4294967294,644
4294967294,542
4294967294,664
4294967294,541
4294967294,1196
4294967294,540
4294967294,539
4294967294,662
4294967294,658
4294967294,641
4294967294,661
4294967294,537
4294967294,814
4294967294,574
4294967294,811
4294967294,647
4294967294,968
4294967294,1702
4294967294,1176
4294967294,983
4294967294,974
4294967294,135
4294967294,426
4294967294,1618
4294967294,1617
4294967294,427
4294967294,980
4294967294,1462
4294967294,1668
4294967294,694
4294967294,1195
4294967294,1686
4294967294,1612
4294967294,676
4294967294,1688
4294967294,1610
4294967294,1609
4294967294,1684
4294967294,1679
4294967294,1608
4294967294,1607
4294967294,1465
4294967294,1606
4294967294,1676
4294967294,1470
4294967294,1603
4294967294,1602
4294967294,1601
4294967294,505
4294967294,1469
4294967294,1600
4294967294,514
4294967294,1665
4294967294,126
4294967294,409
4294967294,1666
4294967294,443
4294967294,445
4294967294,437
4294967294,1710
4294967294,536
4294967294,1424
4294967294,389
4294967294,535
4294967294,528
4294967294,430
4294967294,125
4294967294,1709
4294967294,1526
4294967294,1525
4294967294,1524
4294967294,1523
4294967294,1522
4294967294,1520
4294967294,1521
4294967294,1519
4294967294,1518
4294967294,1517
4294967294,1516
4294967294,1515
4294967294,1514
4294967294,1513
4294967294,1512
4294967294,1511
4294967294,1510
4294967279,329
4294967278,398
4294967278,397
4294967279,328
4294967278,396
4294967294,1457
4294967294,1444
4294967294,452
4294967294,167
4294967294,414
4294967294,449
4294967294,178
4294967294,391
4294967294,386
4294967294,420
4294967294,398
4294967294,405
4294967294,404
4294967294,408
4294967294,402
4294967294,400
4294967294,412
4294967294,451
4294967294,128
4294967294,191
4294967294,181
4294967294,184
4294967294,180
4294967294,1455
4294967294,523
4294967294,1419
4294967294,169
4294967294,188
4294967294,185
4294967294,177
4294967294,182
4294967294,1100
4294967294,1099
4294967294,1101
4294967294,1097
4294967294,183
4294967294,189
4294967294,174
4294967294,172
4294967294,171
4294967294,173
4294967294,1509
4294967294,1508
4294967294,1507
4294967294,1506
4294967294,1505
4294967294,1503
4294967294,1504
4294967294,1502
4294967294,1501
4294967294,1500
4294967294,160
4294967294,1499
4294967294,1498
4294967294,1497
4294967294,1496
4294967294,1495
4294967294,1494
4294967294,1493
4294967294,392
4294967294,390
4294967294,1096
4294967294,1098
4294967294,1418
4294967294,1492
4294967294,1491
4294967294,1490
4294967294,1489
4294967294,1488
4294967294,1486
4294967294,1487
4294967294,1485
4294967294,1484
4294967294,1483
4294967294,1482
4294967294,1481
4294967294,1417
4294967294,1480
4294967294,1479
4294967294,1478
4294967294,1477
4294967294,19
4294967294,1476
4294967294,1475
